[KerrBlackHole]
radial = 3.000000
pos_x = 481
mass = 9999998779392.000000
pos_y = 311
angular_m = 31.000000
