[SchwarzschildBlackHole]
pos_x = 486
mass = 8570000053565753541535718894666252288.000000
pos_y = 415
angular_m = 1.000000
