[KerrBlackHole]
radial = 3.000000
pos_x = 562
mass = 6.300000
pos_y = 323
angular_m = 0.000000
